2019-02-10 18:55:46.019000
  Ping:      104.091ms 
  Download:  11681.2830033Kb/s 
  Upload:    886.995127024Kb/s 




2019-02-10 19:07:40.626000
  Ping:      121.642ms 
  Download:  14136.7644312Kb/s 
  Upload:    892.483214583Kb/s 




